Drat	Lrat	Grat-1	Grat-8
0.1	0.2	0	0
0.1	0.2	0	0
0.1	0.2	0	0
0.1	0.2	0	0
0.1	0.2	0	0
0.1	0.2	0	0
0.1	0.2	0	0
0.3	1	0.5	0.6
0.4	1.2	0.6	0.7
0.4	1.1	0.6	0.7
0.7	1.9	0.9	1.1
0.7	2.3	1	1.1
1	2.2	1.2	0.9
1.4	6.9	2.3	3
1.6	3.9	2.2	1.7
1.9	18.7	3.1	3.4
2.5	4.3	2.5	1.9
3.2	46.5	5.5	5.8
4.5	16.1	8.1	8.9
5.5	80	9.3	10.2
6.8	23.9	11.8	12.6
6.6	16.5	10	9.6
8	102.1	13.4	13.6
8	21.1	12.4	11.9
10.2	28.6	16	15.2
10.8	29.3	17.2	13.3
11.8	25.6	14.8	15.1
11	16	11.6	10.5
11.6	16.2	11.6	10.6
13	169.7	21.1	21.1
13.7	38.2	21	20
14.8	175.3	24	23.5
14.5	19.8	14.6	13.2
14.7	20.3	14.7	13.3
17	49.4	24.1	16.6
16	19.2	12.2	5.1
17.1	51.6	26.1	25.9
18.3	43.9	22.5	13.6
18.4	45.3	26.7	19.6
20.6	181.9	29.4	26.3
22	32.8	21.8	10.1
24.9	28.9	18.7	6.6
28.1	89	31.8	20.8
30.3	55.4	32.3	17.5
38.2	53.5	35.9	14.9
52.7	61.1	36.8	12.9
33	90.6	42.5	29.1
55.5	80.7	48.9	44
64.1	118.5	80.6	40.7
55.5	86.3	49	43.7
59	79.3	54.3	48.5
46.6	288.9	151.9	111.2
89	301	100.9	64.7
87.9	164.6	98.1	56.9
92.1	240.7	101.6	62.3
92.7	145.8	73.8	66.2
94	107	37.4	20.3
99.2	112.4	65.5	26.3
143.8	195.3	111.2	63.7
131.6	199.5	95.9	88.7
158.9	275.3	159.3	75.4
190.8	331.1	229.2	93.9
249	355.7	183.5	101
215.3	317.9	152.4	143.5
247.2	401.8	215.4	116.6
264.2	684.7	421.6	248
318.1	491.7	212.4	212.7
268.1	684.7	273.9	151.1
298.1	442.3	277.6	81
410.2	523.3	286.8	149.8
446.1	892.4	635.6	407.7
307.3	1073.4	584.2	603.9
452.3	729	275.1	261.2
635	790.2	405.1	219.7
426	458.3	353	321.3
407.8	430.3	316.2	287.6
334	531.6	331.8	165.2
427.3	1454.7	890.2	673.8
544.8	909.9	459	202.5
703.6	576.8	445.2	400
556.9	556.6	426.7	384.4
607.4	828.8	537.1	346.1
595.4	590.6	452	435.9
648.2	596.6	450.5	402.5
732.4	1172.4	427.3	414.7
697.9	726.7	548.9	475.2
717.3	798.7	569.1	480.7
698.4	733.8	530.9	439.3
724.6	802.9	569.3	477.1
695	1702.8	664.4	327.3
836.4	871.4	621.3	549.9
1167.8	1055.5	698.3	322.2
997.3	1712.5	571.5	552
892.3	918.8	622.8	544.3
973.1	1434.7	1248.6	639.8
878.6	6737	588	256.9
832.1	873.1	649.1	546.7
938.4	988.2	676.4	573.3
1235.6	2407.1	1307.7	747.2
947.9	974.4	713.5	604.5
1618.9	1665.3	1056.1	554.4
958.6	2036.5	839.3	824
1715.5	1719.9	1269.8	468
1467.6	1961.5	1245.7	782.9
1116.5	1184.5	858	676.6
1850.8	1611.5	1112.5	452.3
1595.4	1141.6	944.1	337.6
1674.6	1924.5	1540.8	617.4
1507.4	2079.1	1157.9	382
1192.9	2848.2	1021	988.8
1560.7	2853.3	1825.5	921.2
841.1	1454.7	1018.7	439.6
1605.9	1697.1	1126	978.6
1352	2809.2	1711.3	773.2
2332.7	2779.4	2278.2	1959.1
1855.6	1958	1254.1	1161.2
1782.2	6783	5312.9	3997.5
2006.6	2730.8	1362.4	863.9
2389.4	3383.1	2915.1	1423.4
1735.1	4208	1465.7	1428.2
3208.9	4263	2140.1	1095.1
4442	3358.7	1959.4	964.9
2917.9	3082.6	1915.8	1507.5
2713.7	5726	2625.8	1102.2
7049	8895	6179.6	3275.3
